 1.938016414642334 0.35008811950683594 123.046875 0.2740488052368164 0.004498349502682686 20.526698693370022 55031 blues
 -0.05561067909002304 0.3409135937690735 107.666015625 0.26845240592956543 0.0022976724430918694 20.676128259217812 37139 blues
 1.0341640710830688 0.3636372089385986 161.4990234375 0.2642599046230316 0.0026309362147003412 22.19751653303379 50563 blues
 0.0713440477848053 0.4047847092151642 172.265625 0.2597748637199402 0.0009540272294543684 21.426268151556844 22077 blues
 -8.458839416503906 0.3085260391235352 135.99917763157896 0.21366208791732788 0.0032377862371504307 21.466338127703896 67225 blues
 -7.0990538597106925 0.3024562895298004 112.34714673913044 0.20579300820827484 0.003060848219320178 22.545831032800717 62326 blues
 -7.856247425079347 0.29132798314094543 123.046875 0.1999358981847763 0.0009689303115010262 23.42954022098452 48429 blues
 -5.961263656616211 0.3079547882080078 92.28515625 0.2172423005104065 0.0014362075598910449 22.442509342348426 40730 blues
 2.0021700859069824 0.4088792204856873 83.35433467741936 0.2920469641685486 0.0025944572407752275 22.380886050057644 42434 blues
 -5.115920066833496 0.27395039796829224 129.19921875 0.17381912469863892 0.0027082751039415602 21.16195009433464 52453 blues
 -3.6810224056243896 0.303993284702301 161.4990234375 0.203709676861763 0.0012445971369743347 21.09467394314581 41720 blues
 -6.606260776519775 0.36715203523635853 161.4990234375 0.2829606235027313 0.00328078493475914 20.806443641033546 29108 blues
 -2.990473747253418 0.26939111948013306 92.28515625 0.26218655705451965 0.000767435529269278 22.135715777506615 45788 blues
 -1.4728746414184568 0.2647128105163574 107.666015625 0.2493588775396347 0.0011908821761608126 21.41975823419788 34066 blues
 -3.6044416427612314 0.3290363252162933 151.9990808823529 0.20447121560573575 0.0004707424959633499 21.628062150061968 29848 blues
 -3.6778888702392583 0.2696904242038727 99.38401442307692 0.23439690470695496 0.0011032507754862306 21.367670901059086 42213 blues
 -2.423396587371826 0.30418553948402405 103.359375 0.2401697784662247 0.001300859497860074 21.065897048310305 40656 blues
 -1.5299934148788452 0.3021239936351776 161.4990234375 0.23122288286685946 0.0004600378160830587 21.723377893894558 32026 blues
 -2.1511662006378174 0.2699322998523712 83.35433467741936 0.18314886093139648 0.0014776174211874606 21.723589550557094 37201 blues
 -3.213650941848755 0.2573248147964477 123.046875 0.2214859873056412 0.0006415894022211432 21.486266356019396 39028 blues
 -2.7552714347839355 0.3026115894317627 135.99917763157896 0.22544774413108826 0.0016522411024197936 20.078770330332667 34864 blues
 -0.9150559306144714 0.3211003839969635 99.38401442307692 0.19777177274227145 0.00039645700599066913 22.154408106732003 31735 blues
 -0.3050427138805389 0.3065367937088013 99.38401442307692 0.20352642238140106 0.00042173670954070985 22.290297124176327 38799 blues
 -2.408550500869751 0.28082266449928284 95.703125 0.2465319037437439 0.0005482897977344692 21.832939923441973 34769 blues
 -3.2788822650909424 0.2631122171878815 103.359375 0.2379933744668961 0.0003224234387744218 21.7259650407811 31324 blues
 -1.0784870386123655 0.2909597456455231 92.28515625 0.22199703752994535 0.0003999181790277362 21.030231400439213 34256 blues
 -2.9797382354736333 0.278378427028656 83.35433467741936 0.2098342925310135 0.00045461652916856116 21.974294641161844 34437 blues
 -3.608994245529175 0.28870731592178345 95.703125 0.19424936175346372 0.00045088143087923527 23.025399134062425 48021 blues
 -4.0278873443603525 0.2761554718017578 103.359375 0.2271270602941513 0.0003726551367435604 21.407568386525273 31834 blues
 -8.617288589477539 0.2803565263748169 129.19921875 0.17914995551109314 0.0014890776947140696 26.455322190277556 35041 blues
 -8.799886703491211 0.26319384574890137 143.5546875 0.1340375691652298 0.0006982599734328687 26.84368772652961 26086 blues
 -9.656501770019533 0.25355321168899536 151.9990808823529 0.16072173416614532 0.0005796187906526028 27.93086441584839 28462 blues
 -11.99201202392578 0.2762447893619537 123.046875 0.1854315996170044 0.0012302328832447527 26.988943524511114 26105 blues
 -10.440093040466307 0.2606352865695953 151.9990808823529 0.172855406999588 0.0008047100272960961 27.165771619047323 27822 blues
 -8.538710594177246 0.2623637914657593 129.19921875 0.1952900737524033 0.0008913436322472991 26.882590822416248 30294 blues
 -7.495132923126222 0.2883848249912262 129.19921875 0.20798808336257932 0.0009744797716848552 26.877048556475124 30102 blues
 -9.792868614196776 0.2333981245756149 151.9990808823529 0.1980403363704681 0.00044991425238549715 27.36607897158793 24463 blues
 -11.784748077392578 0.24863409996032715 123.046875 0.21560977399349213 0.00043468925287015736 26.61538366538041 31931 blues
 -8.523051261901855 0.2658880949020386 129.19921875 0.15612739324569702 0.001087802229449153 27.195260742803693 29406 blues
 -13.393715858459473 0.2552458345890045 117.45383522727272 0.15255789458751678 0.0007772261160425843 26.368849304337125 23405 blues
 2.0470871925354004 0.3979959189891815 117.45383522727272 0.20910559594631195 0.005724778398871422 21.300212828784733 64746 blues
 2.4520697593688965 0.3868677318096161 129.19921875 0.2599520683288574 0.007607426028698683 21.79298304405485 67762 blues
 1.7623295783996582 0.3775384724140167 89.10290948275862 0.2187861055135727 0.003887586528435349 23.42488479121242 64828 blues
 1.9798952341079712 0.3989206254482269 129.19921875 0.2584827840328217 0.006467208731919527 20.79960034568095 57781 blues
 3.5176002979278564 0.390174925327301 135.99917763157896 0.1818096935749054 0.005397253204137087 21.736179171654467 61299 blues
 1.1228644847869873 0.4294368028640747 129.19921875 0.2280885726213455 0.0016980449436232448 21.936153534025287 31847 blues
 0.368091493844986 0.3879674673080444 123.046875 0.2834387719631195 0.0032153248321264982 21.420880474663907 38757 blues
 0.13481968641281128 0.3364204168319702 151.9990808823529 0.18405263125896454 0.0031961915083229537 22.39597079495509 49912 blues
 1.8416032791137693 0.3795294463634491 123.046875 0.23263154923915866 0.005732528399676085 21.612736884668454 65443 blues
 -4.0480079650878915 0.2775753736495972 123.046875 0.2407838851213455 0.0010642734123393893 22.555105330073637 26478 blues
 4.211970329284668 0.4009360373020172 135.99917763157896 0.2491618096828461 0.004335532896220684 21.135632284254843 56862 blues
 4.850868225097656 0.3936876654624939 99.38401442307692 0.2576154768466949 0.0045955562964081756 21.558300192308025 70638 blues
 -1.0253152847290041 0.3390077650547028 151.9990808823529 0.2634422779083252 0.002017721766605973 22.662808115598363 44525 blues
 3.083988666534424 0.4124447405338288 103.359375 0.2875491678714752 0.00595385255292058 21.65813476448442 88051 blues
 4.921024799346924 0.4527457654476166 92.28515625 0.20313313603401184 0.005865622777491808 20.8828242166655 68534 blues
 3.274237871170044 0.43293654918670654 135.99917763157896 0.2353580594062805 0.004766665864735843 21.23123582862793 74950 blues
 1.3500289916992188 0.3910510241985321 161.4990234375 0.2593487203121185 0.003524502972140908 23.36742663706906 50056 blues
 3.152336835861206 0.4243854582309723 92.28515625 0.2409381866455078 0.0040288507007062435 21.25664431831005 59631 blues
 1.9139153957366943 0.3566419780254364 107.666015625 0.20004154741764069 0.0050369715318083754 22.21684561138104 69149 blues
 3.284712791442871 0.4058392345905304 107.666015625 0.27893391251564026 0.005861847195774317 21.913586279259114 94244 blues
 4.815528392791748 0.4308072626590729 151.9990808823529 0.25233379006385803 0.0041375188156962395 20.97126439558801 64561 blues
 1.3319845199584959 0.4519388377666474 129.19921875 0.20513713359832764 0.005138886161148547 22.278256533595677 111010 blues
 -3.713608980178833 0.3118726313114166 112.34714673913044 0.2611227631568909 0.003175688674673438 23.607910435638534 77660 blues
 -4.4883317947387695 0.33023136854171753 92.28515625 0.2533888518810272 0.011074609123170376 23.108857143346714 102352 blues
 -1.5752155780792236 0.3326500058174133 151.9990808823529 0.26693210005760193 0.01058988459408283 22.134404309874625 97305 blues
 -4.536726951599121 0.29283738136291504 107.666015625 0.2385556548833847 0.010025203227996826 22.777632449306246 96947 blues
 -0.7563484907150269 0.3745931684970856 161.4990234375 0.2802095115184784 0.006874796934425831 22.523367748152317 80722 blues
 -0.5433375239372253 0.3379056453704834 161.4990234375 0.2829016447067261 0.005755155812948942 22.47158722548107 74676 blues
 -1.33367919921875 0.28983941674232483 161.4990234375 0.2819635272026062 0.009354419074952602 22.33884331922424 89534 blues
 -5.772928237915039 0.29200130701065063 123.046875 0.27144938707351685 0.004091911483556032 23.301780789441377 82922 blues
 -3.3895514011383057 0.3228092193603516 143.5546875 0.2315318137407303 0.004830973222851753 22.632169603062216 65185 blues
 -0.2948473691940308 0.3051750957965851 143.5546875 0.2575320899486542 0.00837394967675209 22.58138306734431 89234 blues
 -4.572409629821777 0.3069658279418945 103.359375 0.2751399576663971 0.007876732386648655 23.471936733472475 85596 blues
 5.585202693939209 0.3418802618980408 99.38401442307692 0.2743682265281677 0.006052607670426369 22.412777904799768 66631 blues
 4.039940357208252 0.3671615421772003 112.34714673913044 0.1684570163488388 0.010970005765557287 22.21256807798101 80125 blues
 4.42338752746582 0.4665291905403137 117.45383522727272 0.2517771124839783 0.0089096250012517 21.082115786964707 71882 blues
 5.0203857421875 0.3656257390975952 117.45383522727272 0.24164678156375885 0.009515070356428623 23.455540817682266 90452 blues
 4.605857372283936 0.408888190984726 99.38401442307692 0.23684732615947726 0.008261019363999367 21.40081406545301 73922 blues
 4.855254173278809 0.41417622566223145 123.046875 0.2547716796398163 0.0100236926227808 20.971841398151263 82053 blues
 5.435898780822754 0.4214355051517487 161.4990234375 0.2385018765926361 0.010715401731431484 21.785214264027214 82625 blues
 -0.2718715965747833 0.3875771164894104 123.046875 0.20527315139770508 0.006142711732536554 21.341566815477766 59809 rock
 2.7210156917572017 0.36539575457572937 151.9990808823529 0.2120155543088913 0.002923248102888465 22.38360797560076 36426 rock
 2.2805871963500977 0.4368056058883667 107.666015625 0.2679041922092438 0.00701243383809924 20.35962808714397 50934 rock
 3.536339282989502 0.3799488842487335 95.703125 0.24955812096595764 0.003160137450322509 20.731630020162953 28562 rock
 3.8261840343475337 0.3727978765964508 103.359375 0.18577003479003906 0.0018640062771737573 21.53580897475133 27230 rock
 1.8776135444641116 0.3767348229885101 99.38401442307692 0.2324449121952057 0.002414731774479151 21.935129396902987 51049 rock
 -0.995092272758484 0.344534307718277 112.34714673913044 0.2000304013490677 0.002185332123190165 22.66577407195891 57871 rock
 1.3385006189346311 0.3591925799846649 89.10290948275862 0.2583721578121185 0.0019012703560292719 22.548860417237176 31266 rock
 5.1380953788757315 0.4087803065776825 123.046875 0.1553766280412674 0.004039701540023089 21.985722042719843 56292 rock
 0.17664596438407898 0.3762708008289337 151.9990808823529 0.2536121606826782 0.002343592932447791 22.33918821214561 28188 rock
 0.7764327526092529 0.39824119210243225 161.4990234375 0.2280348241329193 0.0044621829874813565 22.06726465511911 47533 rock
 1.032757043838501 0.3432268500328064 117.45383522727272 0.2273093163967133 0.002355918288230896 22.552804335047146 36014 rock
 -3.2823400497436523 0.3388158977031708 112.34714673913044 0.2278826832771301 0.005656256340444088 20.485194470188986 45242 rock
 2.6273458003997803 0.440367579460144 123.046875 0.18148018419742584 0.002766573335975409 22.597011757025143 30557 rock
 -5.447399616241455 0.38064274191856384 117.45383522727272 0.1792507916688919 0.006843038834631443 20.283300598403414 55391 rock
 -4.906813621520996 0.3437314331531525 135.99917763157896 0.1966756135225296 0.011204038746654987 21.1881786583412 75648 rock
 4.442079544067383 0.4615265727043152 143.5546875 0.22434085607528687 0.01439876388758421 20.210481160195037 94662 rock
 2.586031675338745 0.4188845157623291 123.046875 0.20022113621234894 0.01003908645361662 21.231456684087128 93137 rock
 3.314030408859253 0.4802930355072022 117.45383522727272 0.2457272857427597 0.011281718499958515 19.37918759223869 76734 rock
 -1.2590928077697754 0.4358674287796021 123.046875 0.249041348695755 0.011392946355044842 20.11613793528997 84969 rock
 0.6472849845886229 0.3979596793651581 99.38401442307692 0.19259914755821228 0.0104761915281415 20.212854240672595 77880 rock
 0.3322094678878784 0.3929155468940735 129.19921875 0.19444799423217773 0.007662934716790914 20.639108141809853 80556 rock
 -0.08802740275859833 0.4157695472240448 99.38401442307692 0.13046590983867645 0.012238453142344952 20.12436305633176 91746 rock
 -0.3837074041366577 0.2942067086696625 151.9990808823529 0.1853817105293274 0.007616731803864241 22.387832607120075 76585 rock
 -0.6802380681037903 0.405062347650528 151.9990808823529 0.20686306059360504 0.008173044770956041 21.14849828782929 95062 rock
 1.2500262260437012 0.4150352776050568 103.359375 0.17258746922016144 0.012432750314474106 20.747748737301904 104575 rock
 2.6631579399108887 0.38326525688171387 112.34714673913044 0.2524160444736481 0.009444554336369038 20.942913321807662 81458 rock
 -0.7723060846328735 0.40252918004989613 151.9990808823529 0.20073962211608887 0.040236197412014015 17.891796765696284 88326 rock
 2.0102627277374268 0.4428023099899292 135.99917763157896 0.2184406667947769 0.017819182947278026 18.422660509077676 67581 rock
 3.559183359146118 0.4183725714683533 123.046875 0.2610488831996918 0.036810360848903656 17.413092248302675 73917 rock
 0.06959637999534607 0.390347421169281 117.45383522727272 0.2385460138320923 0.03817927092313767 18.278256489608136 76143 rock
 -2.147397756576538 0.3691340684890747 117.45383522727272 0.24434544146060946 0.04693321883678436 17.746843470345148 87784 rock
 4.578939437866211 0.3831846415996552 92.28515625 0.2572270929813385 0.02710533142089844 18.176318466868814 77801 rock
 -0.19732925295829773 0.32338282465934753 117.45383522727272 0.26222115755081177 0.009545895271003245 18.572190042892803 49628 rock
 4.72379207611084 0.4215246438980103 135.99917763157896 0.2338040620088577 0.04302025586366653 18.72152722761179 90449 rock
 4.469091415405273 0.45720559358596796 129.19921875 0.2895127236843109 0.014863707125186918 16.73802408632249 37760 rock
 5.764731407165527 0.4279132783412933 135.99917763157896 0.19999340176582334 0.056557469069957726 17.823830046404577 98364 rock
 0.14275915920734406 0.4518257379531861 129.19921875 0.2825873792171478 0.0487978458404541 17.948106240854088 96932 rock
 4.750197887420653 0.41153910756111145 135.99917763157896 0.2450249046087265 0.04875651001930237 17.36138444887957 93100 rock
 2.0671854019165044 0.4425903260707855 143.5546875 0.2080868035554886 0.03842797875404358 18.70434704064634 81356 rock
 1.580554723739624 0.41608867049217213 112.34714673913044 0.198287770152092 0.0610310323536396 18.834064877156262 95944 rock
 3.0662660598754883 0.40217289328575134 117.45383522727272 0.2938171029090881 0.05269217863678932 18.83676875035919 98322 rock
 1.0793094635009766 0.4444281756877899 161.4990234375 0.2409311383962631 0.06590057164430617 17.17959936884509 91247 rock
 1.4198970794677734 0.4201561510562897 89.10290948275862 0.27246320247650146 0.057547088712453835 17.490958471704772 95391 rock
 2.711056470870972 0.31169411540031433 92.28515625 0.2472817599773407 0.007303598802536727 20.2555093592668 45655 rock
 -5.355752944946289 0.36123377084732056 151.9990808823529 0.2432600259780884 0.0018332762410864234 20.552609076914088 52330 rock
 0.01240034680813551 0.3614591658115387 103.359375 0.20385567843914032 0.03428927809000015 18.94513869860985 78331 rock
 1.1652759313583374 0.461359292268753 107.666015625 0.18332886695861814 0.062348697334527976 17.45813571380307 103529 rock
 -1.08829665184021 0.3216451108455658 129.19921875 0.28282856941223145 0.005645031575113535 19.578418936939226 56498 rock
 0.4959419071674347 0.39628517627716064 112.34714673913044 0.234772264957428 0.03241398558020592 17.821892027285852 60545 rock
 3.7844784259796143 0.39448145031929016 123.046875 0.2485129684209824 0.012283884920179844 17.259944839982108 35336 rock
 3.989547967910767 0.3687413632869721 89.10290948275862 0.26317349076271057 0.0632098913192749 16.9197251285766 80137 rock
 -4.7130656242370605 0.34060633182525635 129.19921875 0.1572117656469345 0.033345721662044525 18.19904831093421 58682 rock
 4.857758045196533 0.40918099880218506 117.45383522727272 0.2361470013856888 0.1174234375357628 16.65122838270093 124290 rock
 -6.4673218727111825 0.3466607928276062 107.666015625 0.18788011372089386 0.03914505615830421 20.062888194173283 87743 rock
 0.9502437114715576 0.4316466748714447 129.19921875 0.23713432252407074 0.014772746711969376 16.68222615242148 44146 rock
 5.54844856262207 0.4883268177509308 135.99917763157896 0.2616051733493805 0.11305584013462068 15.733847193564547 117642 rock
 2.374140739440918 0.390014111995697 123.046875 0.2483215630054474 0.08649243414402008 17.0322216877225 116014 rock
 -1.0460994243621826 0.30106404423713684 123.046875 0.16807670891284945 0.02429583109915256 19.3199724244025 65594 rock
 -3.4674015045166016 0.3394229412078857 117.45383522727272 0.2655356526374817 0.02102646604180336 18.94859105450741 57339 rock
 1.1424368619918823 0.4055355191230774 89.10290948275862 0.21466128528118134 0.0547211617231369 17.067406282510255 89254 rock
 -1.1820472478866575 0.2998379170894623 123.046875 0.23421120643615725 0.015453818254172804 18.446165378212303 45750 rock
 -5.124717712402344 0.3195770084857941 123.046875 0.2644318640232086 0.03099467791616917 18.929184792879614 71910 rock
 -4.242823600769043 0.3296822011470795 123.046875 0.14294493198394775 0.010116086341440678 20.770215503074734 37026 rock
 -2.4416894912719727 0.3743366301059723 151.9990808823529 0.2360234260559082 0.006927328184247017 21.323338435523464 70501 rock
 1.0337822437286377 0.3952118158340454 123.046875 0.23300838470458984 0.006964706350117922 21.259506179991792 85549 rock
 -8.76567554473877 0.36021125316619873 151.9990808823529 0.24118243157863614 0.0074764275923371315 21.851536099537768 71021 rock
 -0.6462733745574951 0.3928094208240509 103.359375 0.2689946293830872 0.010052166879177094 21.868533683323694 79444 rock
 -0.4912347197532654 0.4019314646720886 123.046875 0.2147040218114853 0.009929008781909944 21.549283418235603 78384 rock
 -6.454631805419923 0.3114905953407288 172.265625 0.15324486792087555 0.009971318766474724 23.329829075354038 91195 rock
 -6.855332374572754 0.3679714202880859 112.34714673913044 0.24367517232894895 0.006718009244650602 23.809255038733678 92193 rock
 4.669504642486572 0.4543407261371613 112.34714673913044 0.2492249011993408 0.007046248763799667 19.97564174495777 60184 rock
 3.893666505813599 0.4034349024295807 103.359375 0.24835608899593356 0.006067268084734678 21.002407670176726 54139 rock
 4.108811378479004 0.4585289061069489 95.703125 0.2643362283706665 0.009681195951998234 20.536276320777393 72902 rock
 3.923970222473145 0.3943926095962525 112.34714673913044 0.21628475189208984 0.006649716757237911 21.379904380503767 60401 rock
 1.64595627784729 0.4085943400859833 117.45383522727272 0.2551093101501465 0.009296046569943428 20.775965252442933 73897 rock
 1.913075566291809 0.3455831706523895 95.703125 0.2586278021335602 0.003127753734588623 22.188174707784988 47169 rock
 2.1864535808563232 0.4553172290325165 107.666015625 0.2676993310451508 0.008974425494670868 20.62873609941753 70393 rock
 1.4218490123748782 0.35806241631507874 99.38401442307692 0.21372543275356293 0.004364237189292908 22.283764191026517 47525 rock
 0.5211941003799438 0.3600420355796814 123.046875 0.2763631343841553 0.008466891013085842 21.976068652744228 72308 rock
